inst	nstr	length	t	MHT	GREEDY	BRKGA
1	100	300	0.75	100	62	100
2	100	300	0.75	100	73	100
3	100	300	0.75	99	62	100
4	100	300	0.75	100	63	100
5	100	300	0.75	100	69	100
6	100	300	0.75	100	62	100
7	100	300	0.75	100	67	100
8	100	300	0.75	100	70	100
9	100	300	0.75	100	67	100
10	100	300	0.75	100	69	100
11	100	300	0.75	100	71	100
12	100	300	0.75	100	69	100
13	100	300	0.75	100	56	100
14	100	300	0.75	94	66	100
15	100	300	0.75	99	72	100
16	100	300	0.75	91	62	100
17	100	300	0.75	100	61	100
18	100	300	0.75	100	63	100
19	100	300	0.75	100	68	100
20	100	300	0.75	100	62	100
21	100	300	0.75	100	65	100
22	100	300	0.75	97	68	100
23	100	300	0.75	90	64	100
24	100	300	0.75	98	61	100
25	100	300	0.75	99	62	100
26	100	300	0.75	100	72	100
27	100	300	0.75	100	61	100
28	100	300	0.75	100	72	100
29	100	300	0.75	84	61	100
30	100	300	0.75	95	66	100
31	100	300	0.75	100	69	100
32	100	300	0.75	100	63	100
33	100	300	0.75	100	69	100
34	100	300	0.75	93	67	100
35	100	300	0.75	95	62	100
36	100	300	0.75	97	66	100
37	100	300	0.75	98	66	100
38	100	300	0.75	100	70	100
39	100	300	0.75	100	75	100
40	100	300	0.75	100	73	100
41	100	300	0.75	99	65	100
42	100	300	0.75	100	64	100
43	100	300	0.75	100	60	100
44	100	300	0.75	97	63	100
45	100	300	0.75	99	65	100
46	100	300	0.75	100	57	100
47	100	300	0.75	99	63	100
48	100	300	0.75	96	71	100
49	100	300	0.75	100	64	100
50	100	300	0.75	90	62	100
51	100	300	0.75	99	66	100
52	100	300	0.75	100	70	100
53	100	300	0.75	100	65	100
54	100	300	0.75	93	64	100
55	100	300	0.75	92	69	100
56	100	300	0.75	100	68	100
57	100	300	0.75	100	68	100
58	100	300	0.75	100	68	100
59	100	300	0.75	100	68	100
60	100	300	0.75	97	58	100
61	100	300	0.75	100	64	100
62	100	300	0.75	100	66	100
63	100	300	0.75	100	66	100
64	100	300	0.75	100	65	100
65	100	300	0.75	100	77	100
66	100	300	0.75	98	65	100
67	100	300	0.75	100	64	100
68	100	300	0.75	100	73	100
69	100	300	0.75	96	62	100
70	100	300	0.75	99	59	100
71	100	300	0.75	100	68	100
72	100	300	0.75	98	66	100
73	100	300	0.75	100	64	100
74	100	300	0.75	100	71	100
75	100	300	0.75	100	69	100
76	100	300	0.75	100	69	100
77	100	300	0.75	100	60	100
78	100	300	0.75	100	65	100
79	100	300	0.75	99	66	100
80	100	300	0.75	100	59	100
81	100	300	0.75	98	61	100
82	100	300	0.75	100	64	100
83	100	300	0.75	100	71	100
84	100	300	0.75	99	64	100
85	100	300	0.75	100	68	100
86	100	300	0.75	100	60	100
87	100	300	0.75	94	64	100
88	100	300	0.75	100	71	100
89	100	300	0.75	100	56	100
90	100	300	0.75	93	65	100
91	100	300	0.75	96	65	100
92	100	300	0.75	96	60	100
93	100	300	0.75	100	76	100
94	100	300	0.75	100	65	100
95	100	300	0.75	100	76	100
96	100	300	0.75	100	65	100
97	100	300	0.75	100	60	100
98	100	300	0.75	100	61	100
99	100	300	0.75	99	70	100
100	100	300	0.75	98	64	100
1	100	600	0.75	100	65	98
2	100	600	0.75	100	76	100
3	100	600	0.75	100	64	99
4	100	600	0.75	100	66	100
5	100	600	0.75	100	65	100
6	100	600	0.75	100	72	100
7	100	600	0.75	100	73	100
8	100	600	0.75	100	72	100
9	100	600	0.75	100	68	99
10	100	600	0.75	100	71	99
11	100	600	0.75	100	71	100
12	100	600	0.75	100	64	100
13	100	600	0.75	100	68	99
14	100	600	0.75	100	70	98
15	100	600	0.75	100	72	100
16	100	600	0.75	100	77	99
17	100	600	0.75	100	68	98
18	100	600	0.75	100	70	99
19	100	600	0.75	100	74	100
20	100	600	0.75	100	67	99
21	100	600	0.75	100	63	99
22	100	600	0.75	100	67	99
23	100	600	0.75	100	64	99
24	100	600	0.75	100	72	97
25	100	600	0.75	100	66	99
26	100	600	0.75	100	72	99
27	100	600	0.75	100	62	100
28	100	600	0.75	100	73	99
29	100	600	0.75	100	72	98
30	100	600	0.75	100	73	99
31	100	600	0.75	100	65	99
32	100	600	0.75	100	67	99
33	100	600	0.75	100	71	99
34	100	600	0.75	100	71	97
35	100	600	0.75	100	66	98
36	100	600	0.75	100	69	99
37	100	600	0.75	100	69	98
38	100	600	0.75	100	73	100
39	100	600	0.75	100	75	100
40	100	600	0.75	100	68	99
41	100	600	0.75	100	73	100
42	100	600	0.75	100	66	100
43	100	600	0.75	100	61	100
44	100	600	0.75	100	70	99
45	100	600	0.75	100	76	99
46	100	600	0.75	100	67	99
47	100	600	0.75	100	66	100
48	100	600	0.75	100	67	100
49	100	600	0.75	99	66	100
50	100	600	0.75	100	72	98
51	100	600	0.75	100	70	99
52	100	600	0.75	100	73	99
53	100	600	0.75	100	74	100
54	100	600	0.75	100	70	100
55	100	600	0.75	100	68	99
56	100	600	0.75	100	65	100
57	100	600	0.75	100	75	98
58	100	600	0.75	100	75	99
59	100	600	0.75	100	66	99
60	100	600	0.75	100	70	98
61	100	600	0.75	100	64	98
62	100	600	0.75	100	71	100
63	100	600	0.75	100	77	99
64	100	600	0.75	100	70	99
65	100	600	0.75	100	74	99
66	100	600	0.75	100	64	99
67	100	600	0.75	100	72	99
68	100	600	0.75	100	80	100
69	100	600	0.75	100	71	100
70	100	600	0.75	100	71	100
71	100	600	0.75	100	73	100
72	100	600	0.75	100	65	100
73	100	600	0.75	100	66	99
74	100	600	0.75	98	72	99
75	100	600	0.75	100	79	100
76	100	600	0.75	100	77	98
77	100	600	0.75	100	69	100
78	100	600	0.75	100	66	98
79	100	600	0.75	100	65	99
80	100	600	0.75	100	67	99
81	100	600	0.75	100	65	100
82	100	600	0.75	100	69	98
83	100	600	0.75	100	67	100
84	100	600	0.75	100	66	99
85	100	600	0.75	99	71	99
86	100	600	0.75	96	68	99
87	100	600	0.75	100	75	100
88	100	600	0.75	100	75	100
89	100	600	0.75	100	59	100
90	100	600	0.75	100	71	100
91	100	600	0.75	100	70	99
92	100	600	0.75	100	68	100
93	100	600	0.75	100	79	99
94	100	600	0.75	100	72	99
95	100	600	0.75	100	76	99
96	100	600	0.75	100	54	100
97	100	600	0.75	100	71	100
98	100	600	0.75	100	66	98
99	100	600	0.75	100	68	100
100	100	600	0.75	100	72	100
1	100	800	0.75	100	79	98
2	100	800	0.75	100	73	97
3	100	800	0.75	100	70	97
4	100	800	0.75	100	73	95
5	100	800	0.75	100	75	96
6	100	800	0.75	100	75	95
7	100	800	0.75	100	72	96
8	100	800	0.75	100	70	97
9	100	800	0.75	100	71	95
10	100	800	0.75	100	79	98
11	100	800	0.75	100	76	95
12	100	800	0.75	100	65	95
13	100	800	0.75	100	67	96
14	100	800	0.75	100	71	97
15	100	800	0.75	100	75	97
16	100	800	0.75	100	75	95
17	100	800	0.75	100	71	95
18	100	800	0.75	100	73	96
19	100	800	0.75	100	68	96
20	100	800	0.75	100	72	97
21	100	800	0.75	100	71	96
22	100	800	0.75	100	71	98
23	100	800	0.75	100	65	96
24	100	800	0.75	100	73	96
25	100	800	0.75	100	66	96
26	100	800	0.75	100	78	95
27	100	800	0.75	100	69	98
28	100	800	0.75	100	74	97
29	100	800	0.75	100	70	95
30	100	800	0.75	100	67	97
31	100	800	0.75	100	74	98
32	100	800	0.75	100	64	97
33	100	800	0.75	100	69	97
34	100	800	0.75	100	70	95
35	100	800	0.75	100	75	96
36	100	800	0.75	100	72	96
37	100	800	0.75	100	68	96
38	100	800	0.75	100	68	95
39	100	800	0.75	100	72	96
40	100	800	0.75	100	73	95
41	100	800	0.75	100	73	95
42	100	800	0.75	100	67	95
43	100	800	0.75	100	71	94
44	100	800	0.75	100	73	96
45	100	800	0.75	100	70	97
46	100	800	0.75	100	75	97
47	100	800	0.75	100	69	96
48	100	800	0.75	100	64	98
49	100	800	0.75	100	67	94
50	100	800	0.75	100	75	98
51	100	800	0.75	100	64	97
52	100	800	0.75	100	73	96
53	100	800	0.75	100	69	96
54	100	800	0.75	100	70	97
55	100	800	0.75	100	75	95
56	100	800	0.75	100	78	98
57	100	800	0.75	100	67	96
58	100	800	0.75	100	68	96
59	100	800	0.75	100	75	95
60	100	800	0.75	100	68	96
61	100	800	0.75	100	76	97
62	100	800	0.75	100	71	96
63	100	800	0.75	100	81	97
64	100	800	0.75	100	71	97
65	100	800	0.75	100	77	95
66	100	800	0.75	100	68	95
67	100	800	0.75	100	74	97
68	100	800	0.75	100	75	94
69	100	800	0.75	100	73	95
70	100	800	0.75	100	76	98
71	100	800	0.75	100	68	95
72	100	800	0.75	100	69	96
73	100	800	0.75	100	76	97
74	100	800	0.75	100	70	96
75	100	800	0.75	100	65	95
76	100	800	0.75	100	75	93
77	100	800	0.75	100	77	94
78	100	800	0.75	100	67	98
79	100	800	0.75	100	69	97
80	100	800	0.75	100	73	95
81	100	800	0.75	100	77	98
82	100	800	0.75	100	82	97
83	100	800	0.75	100	76	95
84	100	800	0.75	100	73	96
85	100	800	0.75	100	79	96
86	100	800	0.75	100	67	94
87	100	800	0.75	100	72	95
88	100	800	0.75	100	68	97
89	100	800	0.75	100	67	96
90	100	800	0.75	100	64	96
91	100	800	0.75	100	72	97
92	100	800	0.75	100	69	95
93	100	800	0.75	100	76	98
94	100	800	0.75	100	70	97
95	100	800	0.75	100	70	98
96	100	800	0.75	100	65	97
97	100	800	0.75	100	70	97
98	100	800	0.75	100	66	98
99	100	800	0.75	100	74	96
100	100	800	0.75	100	69	97
1	200	300	0.75	172	122	180
2	200	300	0.75	184	123	186
3	200	300	0.75	179	127	179
4	200	300	0.75	179	116	183
5	200	300	0.75	182	132	187
6	200	300	0.75	180	136	186
7	200	300	0.75	177	116	182
8	200	300	0.75	174	124	183
9	200	300	0.75	172	131	181
10	200	300	0.75	179	132	183
11	200	300	0.75	158	119	176
12	200	300	0.75	185	126	183
13	200	300	0.75	175	114	183
14	200	300	0.75	182	127	184
15	200	300	0.75	172	133	184
16	200	300	0.75	180	129	183
17	200	300	0.75	166	126	181
18	200	300	0.75	172	128	182
19	200	300	0.75	170	132	188
20	200	300	0.75	173	119	184
21	200	300	0.75	165	115	181
22	200	300	0.75	164	125	183
23	200	300	0.75	156	121	183
24	200	300	0.75	177	110	180
25	200	300	0.75	186	122	183
26	200	300	0.75	179	131	180
27	200	300	0.75	174	120	185
28	200	300	0.75	172	128	182
29	200	300	0.75	164	129	183
30	200	300	0.75	168	130	181
31	200	300	0.75	163	119	187
32	200	300	0.75	170	123	183
33	200	300	0.75	184	123	184
34	200	300	0.75	185	126	181
35	200	300	0.75	169	116	182
36	200	300	0.75	167	118	175
37	200	300	0.75	183	119	183
38	200	300	0.75	161	122	184
39	200	300	0.75	166	130	186
40	200	300	0.75	178	134	177
41	200	300	0.75	173	131	184
42	200	300	0.75	170	128	182
43	200	300	0.75	171	123	185
44	200	300	0.75	174	126	181
45	200	300	0.75	177	125	180
46	200	300	0.75	181	121	184
47	200	300	0.75	155	115	183
48	200	300	0.75	180	124	180
49	200	300	0.75	173	119	181
50	200	300	0.75	175	126	181
51	200	300	0.75	163	122	182
52	200	300	0.75	184	125	183
53	200	300	0.75	164	129	183
54	200	300	0.75	177	124	187
55	200	300	0.75	166	126	184
56	200	300	0.75	183	125	187
57	200	300	0.75	175	136	186
58	200	300	0.75	173	124	187
59	200	300	0.75	167	128	188
60	200	300	0.75	182	122	184
61	200	300	0.75	177	125	181
62	200	300	0.75	169	128	182
63	200	300	0.75	178	133	182
64	200	300	0.75	178	121	179
65	200	300	0.75	176	142	181
66	200	300	0.75	160	121	181
67	200	300	0.75	172	130	186
68	200	300	0.75	169	132	182
69	200	300	0.75	172	121	177
70	200	300	0.75	188	120	185
71	200	300	0.75	166	120	179
72	200	300	0.75	161	122	184
73	200	300	0.75	178	126	184
74	200	300	0.75	165	129	187
75	200	300	0.75	177	121	180
76	200	300	0.75	174	134	185
77	200	300	0.75	176	129	185
78	200	300	0.75	161	119	182
79	200	300	0.75	177	123	182
80	200	300	0.75	175	125	179
81	200	300	0.75	182	115	178
82	200	300	0.75	173	119	176
83	200	300	0.75	182	129	179
84	200	300	0.75	175	125	181
85	200	300	0.75	180	141	178
86	200	300	0.75	168	116	183
87	200	300	0.75	184	120	179
88	200	300	0.75	180	129	179
89	200	300	0.75	168	114	178
90	200	300	0.75	160	112	179
91	200	300	0.75	165	119	183
92	200	300	0.75	165	121	183
93	200	300	0.75	168	132	183
94	200	300	0.75	170	125	183
95	200	300	0.75	160	118	186
96	200	300	0.75	176	106	183
97	200	300	0.75	172	113	184
98	200	300	0.75	173	124	183
99	200	300	0.75	172	122	181
100	200	300	0.75	168	122	183
1	200	600	0.75	166	132	161
2	200	600	0.75	167	128	169
3	200	600	0.75	151	121	164
4	200	600	0.75	172	133	166
5	200	600	0.75	172	121	168
6	200	600	0.75	172	126	164
7	200	600	0.75	184	134	166
8	200	600	0.75	178	127	166
9	200	600	0.75	170	126	164
10	200	600	0.75	179	136	165
11	200	600	0.75	173	129	168
12	200	600	0.75	176	132	168
13	200	600	0.75	175	127	167
14	200	600	0.75	177	143	159
15	200	600	0.75	178	139	165
16	200	600	0.75	176	131	166
17	200	600	0.75	176	122	161
18	200	600	0.75	177	128	159
19	200	600	0.75	178	124	168
20	200	600	0.75	180	120	166
21	200	600	0.75	178	125	162
22	200	600	0.75	168	131	162
23	200	600	0.75	173	126	165
24	200	600	0.75	170	125	162
25	200	600	0.75	172	131	167
26	200	600	0.75	170	133	162
27	200	600	0.75	162	131	161
28	200	600	0.75	176	135	162
29	200	600	0.75	169	131	160
30	200	600	0.75	161	133	163
31	200	600	0.75	167	130	165
32	200	600	0.75	170	127	165
33	200	600	0.75	175	132	162
34	200	600	0.75	160	126	162
35	200	600	0.75	167	135	165
36	200	600	0.75	177	132	168
37	200	600	0.75	173	117	159
38	200	600	0.75	166	130	167
39	200	600	0.75	172	143	168
40	200	600	0.75	174	132	162
41	200	600	0.75	174	133	164
42	200	600	0.75	169	131	161
43	200	600	0.75	163	122	167
44	200	600	0.75	165	115	167
45	200	600	0.75	175	124	161
46	200	600	0.75	175	133	164
47	200	600	0.75	176	123	165
48	200	600	0.75	178	135	163
49	200	600	0.75	173	131	164
50	200	600	0.75	170	129	165
51	200	600	0.75	165	123	166
52	200	600	0.75	174	137	163
53	200	600	0.75	170	120	163
54	200	600	0.75	166	127	162
55	200	600	0.75	170	135	161
56	200	600	0.75	174	130	162
57	200	600	0.75	179	123	165
58	200	600	0.75	178	131	168
59	200	600	0.75	174	112	165
60	200	600	0.75	170	121	164
61	200	600	0.75	176	135	165
62	200	600	0.75	170	136	164
63	200	600	0.75	168	124	163
64	200	600	0.75	174	127	161
65	200	600	0.75	175	130	165
66	200	600	0.75	165	133	161
67	200	600	0.75	168	145	163
68	200	600	0.75	176	137	163
69	200	600	0.75	183	127	165
70	200	600	0.75	172	126	163
71	200	600	0.75	167	137	161
72	200	600	0.75	163	121	166
73	200	600	0.75	180	136	164
74	200	600	0.75	171	130	162
75	200	600	0.75	159	133	170
76	200	600	0.75	173	137	165
77	200	600	0.75	170	128	167
78	200	600	0.75	159	113	163
79	200	600	0.75	170	130	166
80	200	600	0.75	173	136	164
81	200	600	0.75	172	124	162
82	200	600	0.75	166	128	164
83	200	600	0.75	163	142	164
84	200	600	0.75	174	133	161
85	200	600	0.75	177	139	165
86	200	600	0.75	172	128	164
87	200	600	0.75	181	133	162
88	200	600	0.75	177	135	165
89	200	600	0.75	166	130	161
90	200	600	0.75	165	124	160
91	200	600	0.75	176	135	164
92	200	600	0.75	181	126	160
93	200	600	0.75	159	129	161
94	200	600	0.75	175	122	156
95	200	600	0.75	172	133	164
96	200	600	0.75	164	124	166
97	200	600	0.75	177	131	163
98	200	600	0.75	173	135	164
99	200	600	0.75	170	139	167
100	200	600	0.75	192	127	166
1	200	800	0.75	172	128	153
2	200	800	0.75	185	137	160
3	200	800	0.75	171	134	156
4	200	800	0.75	174	131	155
5	200	800	0.75	176	148	155
6	200	800	0.75	172	133	156
7	200	800	0.75	163	125	154
8	200	800	0.75	173	133	152
9	200	800	0.75	173	136	155
10	200	800	0.75	175	145	157
11	200	800	0.75	168	139	156
12	200	800	0.75	173	131	158
13	200	800	0.75	179	132	156
14	200	800	0.75	181	143	153
15	200	800	0.75	172	147	158
16	200	800	0.75	168	142	152
17	200	800	0.75	172	128	156
18	200	800	0.75	173	133	156
19	200	800	0.75	182	142	154
20	200	800	0.75	184	138	155
21	200	800	0.75	168	125	155
22	200	800	0.75	173	133	153
23	200	800	0.75	173	133	156
24	200	800	0.75	180	121	160
25	200	800	0.75	183	138	153
26	200	800	0.75	169	128	155
27	200	800	0.75	175	138	156
28	200	800	0.75	184	144	159
29	200	800	0.75	159	133	154
30	200	800	0.75	161	130	159
31	200	800	0.75	159	138	152
32	200	800	0.75	163	116	158
33	200	800	0.75	174	136	158
34	200	800	0.75	165	133	155
35	200	800	0.75	172	141	151
36	200	800	0.75	179	135	152
37	200	800	0.75	174	135	154
38	200	800	0.75	168	124	157
39	200	800	0.75	174	125	154
40	200	800	0.75	176	128	155
41	200	800	0.75	181	128	159
42	200	800	0.75	164	126	151
43	200	800	0.75	173	130	154
44	200	800	0.75	173	123	157
45	200	800	0.75	171	126	157
46	200	800	0.75	171	132	160
47	200	800	0.75	164	130	163
48	200	800	0.75	167	132	155
49	200	800	0.75	174	130	162
50	200	800	0.75	166	129	151
51	200	800	0.75	161	130	158
52	200	800	0.75	165	140	154
53	200	800	0.75	186	141	156
54	200	800	0.75	162	136	155
55	200	800	0.75	160	120	162
56	200	800	0.75	181	133	152
57	200	800	0.75	169	132	152
58	200	800	0.75	159	129	154
59	200	800	0.75	163	132	156
60	200	800	0.75	174	138	157
61	200	800	0.75	161	132	155
62	200	800	0.75	172	131	155
63	200	800	0.75	181	135	155
64	200	800	0.75	168	125	154
65	200	800	0.75	164	139	157
66	200	800	0.75	170	123	153
67	200	800	0.75	170	135	159
68	200	800	0.75	169	132	155
69	200	800	0.75	169	131	153
70	200	800	0.75	178	141	158
71	200	800	0.75	177	138	153
72	200	800	0.75	168	135	156
73	200	800	0.75	174	139	155
74	200	800	0.75	163	125	156
75	200	800	0.75	169	135	156
76	200	800	0.75	168	134	156
77	200	800	0.75	178	129	160
78	200	800	0.75	165	129	154
79	200	800	0.75	177	130	161
80	200	800	0.75	172	133	157
81	200	800	0.75	170	136	155
82	200	800	0.75	178	137	152
83	200	800	0.75	165	139	154
84	200	800	0.75	174	135	152
85	200	800	0.75	168	141	158
86	200	800	0.75	170	126	159
87	200	800	0.75	171	131	158
88	200	800	0.75	169	142	156
89	200	800	0.75	159	122	157
90	200	800	0.75	177	120	156
91	200	800	0.75	182	151	155
92	200	800	0.75	181	127	153
93	200	800	0.75	176	142	158
94	200	800	0.75	175	121	154
95	200	800	0.75	177	128	153
96	200	800	0.75	160	126	153
97	200	800	0.75	178	134	155
98	200	800	0.75	161	120	154
99	200	800	0.75	169	137	156
100	200	800	0.75	179	130	154
1	100	300	0.80	43	2	46
2	100	300	0.80	35	5	47
3	100	300	0.80	23	3	48
4	100	300	0.80	36	2	49
5	100	300	0.80	35	6	48
6	100	300	0.80	38	7	49
7	100	300	0.80	37	8	44
8	100	300	0.80	35	2	45
9	100	300	0.80	37	4	49
10	100	300	0.80	37	8	48
11	100	300	0.80	35	6	45
12	100	300	0.80	43	1	45
13	100	300	0.80	41	5	49
14	100	300	0.80	34	4	45
15	100	300	0.80	47	5	52
16	100	300	0.80	35	4	46
17	100	300	0.80	37	3	49
18	100	300	0.80	37	2	49
19	100	300	0.80	30	4	44
20	100	300	0.80	34	3	46
21	100	300	0.80	36	4	50
22	100	300	0.80	40	1	46
23	100	300	0.80	39	4	45
24	100	300	0.80	38	0	48
25	100	300	0.80	33	5	48
26	100	300	0.80	28	8	47
27	100	300	0.80	40	6	49
28	100	300	0.80	42	1	45
29	100	300	0.80	31	5	43
30	100	300	0.80	34	3	47
31	100	300	0.80	41	1	44
32	100	300	0.80	35	10	46
33	100	300	0.80	34	5	50
34	100	300	0.80	42	5	43
35	100	300	0.80	30	8	46
36	100	300	0.80	39	5	47
37	100	300	0.80	36	3	48
38	100	300	0.80	44	1	47
39	100	300	0.80	34	3	44
40	100	300	0.80	40	5	45
41	100	300	0.80	38	7	53
42	100	300	0.80	38	2	51
43	100	300	0.80	40	0	48
44	100	300	0.80	42	5	45
45	100	300	0.80	31	3	49
46	100	300	0.80	48	1	51
47	100	300	0.80	29	2	42
48	100	300	0.80	39	2	47
49	100	300	0.80	39	6	49
50	100	300	0.80	34	2	44
51	100	300	0.80	36	4	52
52	100	300	0.80	39	5	46
53	100	300	0.80	43	4	46
54	100	300	0.80	36	3	47
55	100	300	0.80	37	1	47
56	100	300	0.80	40	6	45
57	100	300	0.80	36	6	46
58	100	300	0.80	28	5	47
59	100	300	0.80	29	3	45
60	100	300	0.80	25	1	45
61	100	300	0.80	33	3	47
62	100	300	0.80	33	5	49
63	100	300	0.80	38	7	47
64	100	300	0.80	43	5	50
65	100	300	0.80	45	4	50
66	100	300	0.80	40	4	46
67	100	300	0.80	32	1	44
68	100	300	0.80	36	5	49
69	100	300	0.80	31	3	43
70	100	300	0.80	37	3	46
71	100	300	0.80	32	3	45
72	100	300	0.80	37	3	46
73	100	300	0.80	32	1	45
74	100	300	0.80	42	5	50
75	100	300	0.80	35	4	45
76	100	300	0.80	41	7	49
77	100	300	0.80	24	0	48
78	100	300	0.80	44	4	45
79	100	300	0.80	29	3	45
80	100	300	0.80	34	5	46
81	100	300	0.80	41	1	49
82	100	300	0.80	35	4	44
83	100	300	0.80	32	5	43
84	100	300	0.80	39	4	46
85	100	300	0.80	30	5	46
86	100	300	0.80	39	3	47
87	100	300	0.80	37	4	45
88	100	300	0.80	38	6	45
89	100	300	0.80	43	3	43
90	100	300	0.80	36	4	42
91	100	300	0.80	39	7	45
92	100	300	0.80	28	6	45
93	100	300	0.80	37	6	46
94	100	300	0.80	40	4	47
95	100	300	0.80	29	8	48
96	100	300	0.80	36	5	46
97	100	300	0.80	42	4	46
98	100	300	0.80	34	5	51
99	100	300	0.80	33	3	53
100	100	300	0.80	26	4	48
1	100	600	0.80	22	0	10
2	100	600	0.80	31	0	9
3	100	600	0.80	27	0	8
4	100	600	0.80	28	2	8
5	100	600	0.80	29	1	10
6	100	600	0.80	31	0	8
7	100	600	0.80	28	0	8
8	100	600	0.80	28	1	8
9	100	600	0.80	25	1	9
10	100	600	0.80	31	2	9
11	100	600	0.80	23	0	7
12	100	600	0.80	29	0	9
13	100	600	0.80	27	0	10
14	100	600	0.80	34	1	10
15	100	600	0.80	29	0	7
16	100	600	0.80	32	0	10
17	100	600	0.80	31	2	9
18	100	600	0.80	26	1	9
19	100	600	0.80	27	0	9
20	100	600	0.80	27	2	8
21	100	600	0.80	24	1	10
22	100	600	0.80	25	0	9
23	100	600	0.80	26	0	7
24	100	600	0.80	32	1	10
25	100	600	0.80	27	0	10
26	100	600	0.80	27	0	10
27	100	600	0.80	25	1	7
28	100	600	0.80	27	0	8
29	100	600	0.80	26	0	8
30	100	600	0.80	27	0	8
31	100	600	0.80	26	0	9
32	100	600	0.80	30	1	9
33	100	600	0.80	27	1	7
34	100	600	0.80	24	0	7
35	100	600	0.80	24	0	9
36	100	600	0.80	29	0	7
37	100	600	0.80	20	0	7
38	100	600	0.80	26	2	10
39	100	600	0.80	24	1	10
40	100	600	0.80	26	1	9
41	100	600	0.80	29	0	7
42	100	600	0.80	24	1	8
43	100	600	0.80	28	0	7
44	100	600	0.80	28	0	9
45	100	600	0.80	28	0	8
46	100	600	0.80	26	0	10
47	100	600	0.80	24	1	10
48	100	600	0.80	30	0	8
49	100	600	0.80	29	0	9
50	100	600	0.80	25	0	9
51	100	600	0.80	27	0	9
52	100	600	0.80	25	0	9
53	100	600	0.80	24	1	10
54	100	600	0.80	24	1	8
55	100	600	0.80	27	1	9
56	100	600	0.80	26	1	9
57	100	600	0.80	25	0	7
58	100	600	0.80	31	0	10
59	100	600	0.80	28	1	10
60	100	600	0.80	22	1	7
61	100	600	0.80	29	0	9
62	100	600	0.80	26	0	11
63	100	600	0.80	27	0	9
64	100	600	0.80	29	1	9
65	100	600	0.80	22	2	9
66	100	600	0.80	30	0	7
67	100	600	0.80	22	2	8
68	100	600	0.80	33	1	10
69	100	600	0.80	24	1	10
70	100	600	0.80	28	1	11
71	100	600	0.80	21	3	9
72	100	600	0.80	28	0	9
73	100	600	0.80	26	1	8
74	100	600	0.80	30	2	8
75	100	600	0.80	25	1	7
76	100	600	0.80	26	2	9
77	100	600	0.80	27	1	10
78	100	600	0.80	27	2	10
79	100	600	0.80	23	1	9
80	100	600	0.80	25	1	9
81	100	600	0.80	26	2	11
82	100	600	0.80	24	0	9
83	100	600	0.80	25	0	10
84	100	600	0.80	26	1	10
85	100	600	0.80	25	1	8
86	100	600	0.80	25	1	7
87	100	600	0.80	24	0	11
88	100	600	0.80	25	0	8
89	100	600	0.80	28	1	9
90	100	600	0.80	26	1	8
91	100	600	0.80	29	0	11
92	100	600	0.80	29	1	8
93	100	600	0.80	23	1	8
94	100	600	0.80	33	3	8
95	100	600	0.80	25	0	7
96	100	600	0.80	25	0	9
97	100	600	0.80	27	0	9
98	100	600	0.80	29	0	7
99	100	600	0.80	31	0	8
100	100	600	0.80	28	1	8
1	100	800	0.80	24	0	4
2	100	800	0.80	16	0	4
3	100	800	0.80	20	0	4
4	100	800	0.80	20	0	4
5	100	800	0.80	21	1	4
6	100	800	0.80	19	0	4
7	100	800	0.80	19	0	4
8	100	800	0.80	17	0	5
9	100	800	0.80	19	1	5
10	100	800	0.80	18	0	5
11	100	800	0.80	19	0	5
12	100	800	0.80	22	0	3
13	100	800	0.80	22	0	4
14	100	800	0.80	17	0	5
15	100	800	0.80	21	0	4
16	100	800	0.80	26	0	5
17	100	800	0.80	15	0	4
18	100	800	0.80	22	0	4
19	100	800	0.80	19	0	4
20	100	800	0.80	18	0	4
21	100	800	0.80	20	0	4
22	100	800	0.80	24	0	5
23	100	800	0.80	14	0	5
24	100	800	0.80	25	0	5
25	100	800	0.80	20	0	4
26	100	800	0.80	17	0	4
27	100	800	0.80	22	0	4
28	100	800	0.80	21	0	4
29	100	800	0.80	20	1	4
30	100	800	0.80	24	0	5
31	100	800	0.80	22	0	4
32	100	800	0.80	19	1	4
33	100	800	0.80	21	0	4
34	100	800	0.80	20	0	4
35	100	800	0.80	19	0	5
36	100	800	0.80	19	0	4
37	100	800	0.80	22	0	4
38	100	800	0.80	26	0	4
39	100	800	0.80	19	0	5
40	100	800	0.80	18	0	4
41	100	800	0.80	20	0	4
42	100	800	0.80	18	0	4
43	100	800	0.80	20	0	5
44	100	800	0.80	17	0	5
45	100	800	0.80	19	0	4
46	100	800	0.80	23	0	4
47	100	800	0.80	22	0	4
48	100	800	0.80	21	0	4
49	100	800	0.80	19	1	4
50	100	800	0.80	20	0	4
51	100	800	0.80	23	0	4
52	100	800	0.80	18	1	4
53	100	800	0.80	21	0	5
54	100	800	0.80	17	0	4
55	100	800	0.80	22	0	4
56	100	800	0.80	22	0	4
57	100	800	0.80	20	0	4
58	100	800	0.80	21	0	4
59	100	800	0.80	19	0	4
60	100	800	0.80	20	0	4
61	100	800	0.80	25	0	4
62	100	800	0.80	19	0	5
63	100	800	0.80	16	0	5
64	100	800	0.80	19	0	5
65	100	800	0.80	19	0	4
66	100	800	0.80	21	0	5
67	100	800	0.80	17	1	3
68	100	800	0.80	17	0	5
69	100	800	0.80	18	1	4
70	100	800	0.80	17	1	4
71	100	800	0.80	16	0	4
72	100	800	0.80	23	0	5
73	100	800	0.80	16	0	4
74	100	800	0.80	19	0	4
75	100	800	0.80	19	0	4
76	100	800	0.80	21	0	5
77	100	800	0.80	22	0	3
78	100	800	0.80	22	1	6
79	100	800	0.80	20	0	5
80	100	800	0.80	14	0	4
81	100	800	0.80	18	0	5
82	100	800	0.80	21	0	4
83	100	800	0.80	21	0	4
84	100	800	0.80	25	0	4
85	100	800	0.80	19	0	4
86	100	800	0.80	21	0	5
87	100	800	0.80	21	0	4
88	100	800	0.80	21	0	5
89	100	800	0.80	17	0	5
90	100	800	0.80	17	0	5
91	100	800	0.80	15	0	5
92	100	800	0.80	21	1	4
93	100	800	0.80	19	0	4
94	100	800	0.80	20	0	5
95	100	800	0.80	24	0	4
96	100	800	0.80	21	0	4
97	100	800	0.80	21	0	4
98	100	800	0.80	22	0	4
99	100	800	0.80	19	0	5
100	100	800	0.80	22	1	5
1	200	300	0.80	34	7	36
2	200	300	0.80	39	9	35
3	200	300	0.80	39	6	30
4	200	300	0.80	39	7	33
5	200	300	0.80	36	8	35
6	200	300	0.80	45	8	37
7	200	300	0.80	39	8	31
8	200	300	0.80	37	8	32
9	200	300	0.80	38	9	34
10	200	300	0.80	42	10	36
11	200	300	0.80	52	7	36
12	200	300	0.80	39	5	30
13	200	300	0.80	39	7	30
14	200	300	0.80	36	6	39
15	200	300	0.80	50	8	35
16	200	300	0.80	45	6	33
17	200	300	0.80	40	3	29
18	200	300	0.80	42	9	35
19	200	300	0.80	38	6	33
20	200	300	0.80	38	7	30
21	200	300	0.80	40	7	30
22	200	300	0.80	42	8	35
23	200	300	0.80	49	8	36
24	200	300	0.80	48	5	31
25	200	300	0.80	40	6	32
26	200	300	0.80	44	5	35
27	200	300	0.80	39	8	35
28	200	300	0.80	41	3	34
29	200	300	0.80	39	6	35
30	200	300	0.80	41	12	28
31	200	300	0.80	41	4	32
32	200	300	0.80	46	10	32
33	200	300	0.80	46	11	31
34	200	300	0.80	34	5	28
35	200	300	0.80	44	5	32
36	200	300	0.80	43	6	29
37	200	300	0.80	38	6	35
38	200	300	0.80	37	8	35
39	200	300	0.80	36	5	33
40	200	300	0.80	41	4	32
41	200	300	0.80	31	10	32
42	200	300	0.80	42	6	32
43	200	300	0.80	36	3	32
44	200	300	0.80	44	5	29
45	200	300	0.80	54	12	36
46	200	300	0.80	36	11	37
47	200	300	0.80	47	4	34
48	200	300	0.80	39	6	35
49	200	300	0.80	47	6	32
50	200	300	0.80	44	3	34
51	200	300	0.80	56	11	35
52	200	300	0.80	32	7	33
53	200	300	0.80	39	5	34
54	200	300	0.80	43	8	37
55	200	300	0.80	55	7	31
56	200	300	0.80	44	5	30
57	200	300	0.80	36	11	32
58	200	300	0.80	40	6	34
59	200	300	0.80	36	5	34
60	200	300	0.80	48	4	26
61	200	300	0.80	40	2	34
62	200	300	0.80	40	7	31
63	200	300	0.80	39	7	38
64	200	300	0.80	37	11	31
65	200	300	0.80	45	8	33
66	200	300	0.80	56	9	33
67	200	300	0.80	46	9	31
68	200	300	0.80	45	11	31
69	200	300	0.80	30	11	34
70	200	300	0.80	41	9	37
71	200	300	0.80	45	9	28
72	200	300	0.80	42	2	33
73	200	300	0.80	36	6	34
74	200	300	0.80	30	10	35
75	200	300	0.80	41	5	33
76	200	300	0.80	50	7	31
77	200	300	0.80	47	5	34
78	200	300	0.80	47	1	31
79	200	300	0.80	40	10	31
80	200	300	0.80	37	12	30
81	200	300	0.80	44	12	34
82	200	300	0.80	41	7	33
83	200	300	0.80	55	9	29
84	200	300	0.80	41	8	29
85	200	300	0.80	44	8	33
86	200	300	0.80	36	5	32
87	200	300	0.80	43	9	29
88	200	300	0.80	46	6	29
89	200	300	0.80	42	10	34
90	200	300	0.80	40	8	32
91	200	300	0.80	30	7	36
92	200	300	0.80	40	5	29
93	200	300	0.80	37	11	31
94	200	300	0.80	38	5	33
95	200	300	0.80	40	7	34
96	200	300	0.80	47	8	32
97	200	300	0.80	41	6	31
98	200	300	0.80	49	5	32
99	200	300	0.80	37	6	37
100	200	300	0.80	52	11	37
1	200	600	0.80	22	0	6
2	200	600	0.80	21	0	6
3	200	600	0.80	20	4	7
4	200	600	0.80	19	0	6
5	200	600	0.80	15	0	6
6	200	600	0.80	21	0	7
7	200	600	0.80	21	1	8
8	200	600	0.80	22	0	7
9	200	600	0.80	24	1	7
10	200	600	0.80	21	0	6
11	200	600	0.80	19	1	7
12	200	600	0.80	16	0	6
13	200	600	0.80	21	2	7
14	200	600	0.80	17	3	7
15	200	600	0.80	22	2	7
16	200	600	0.80	19	1	7
17	200	600	0.80	21	1	7
18	200	600	0.80	18	0	6
19	200	600	0.80	24	1	6
20	200	600	0.80	23	2	8
21	200	600	0.80	21	1	8
22	200	600	0.80	18	2	7
23	200	600	0.80	23	0	7
24	200	600	0.80	18	2	6
25	200	600	0.80	18	0	6
26	200	600	0.80	28	0	6
27	200	600	0.80	21	1	6
28	200	600	0.80	18	0	6
29	200	600	0.80	22	1	7
30	200	600	0.80	17	0	5
31	200	600	0.80	22	1	6
32	200	600	0.80	17	1	6
33	200	600	0.80	19	1	6
34	200	600	0.80	18	0	6
35	200	600	0.80	24	0	7
36	200	600	0.80	23	0	6
37	200	600	0.80	22	3	7
38	200	600	0.80	17	0	6
39	200	600	0.80	21	2	7
40	200	600	0.80	22	1	6
41	200	600	0.80	19	1	6
42	200	600	0.80	19	1	6
43	200	600	0.80	20	0	6
44	200	600	0.80	18	0	6
45	200	600	0.80	19	0	6
46	200	600	0.80	20	2	6
47	200	600	0.80	18	0	8
48	200	600	0.80	21	2	7
49	200	600	0.80	18	2	6
50	200	600	0.80	19	0	6
51	200	600	0.80	20	0	6
52	200	600	0.80	23	0	7
53	200	600	0.80	18	0	6
54	200	600	0.80	19	0	6
55	200	600	0.80	21	0	6
56	200	600	0.80	24	0	6
57	200	600	0.80	17	0	7
58	200	600	0.80	20	1	6
59	200	600	0.80	22	0	7
60	200	600	0.80	21	1	6
61	200	600	0.80	19	0	5
62	200	600	0.80	24	0	5
63	200	600	0.80	21	2	6
64	200	600	0.80	18	0	5
65	200	600	0.80	19	1	6
66	200	600	0.80	17	0	5
67	200	600	0.80	15	1	6
68	200	600	0.80	19	1	6
69	200	600	0.80	19	2	6
70	200	600	0.80	16	1	6
71	200	600	0.80	22	2	6
72	200	600	0.80	23	0	5
73	200	600	0.80	23	1	5
74	200	600	0.80	20	0	5
75	200	600	0.80	25	0	6
76	200	600	0.80	18	4	7
77	200	600	0.80	20	0	8
78	200	600	0.80	24	0	7
79	200	600	0.80	25	1	7
80	200	600	0.80	20	0	7
81	200	600	0.80	20	2	6
82	200	600	0.80	16	1	6
83	200	600	0.80	21	2	6
84	200	600	0.80	19	1	6
85	200	600	0.80	19	1	6
86	200	600	0.80	21	2	7
87	200	600	0.80	19	1	6
88	200	600	0.80	21	2	6
89	200	600	0.80	18	0	6
90	200	600	0.80	22	1	6
91	200	600	0.80	20	0	6
92	200	600	0.80	20	0	6
93	200	600	0.80	24	0	6
94	200	600	0.80	17	2	7
95	200	600	0.80	22	1	6
96	200	600	0.80	18	1	5
97	200	600	0.80	22	1	6
98	200	600	0.80	18	1	6
99	200	600	0.80	18	2	6
100	200	600	0.80	27	0	8
1	200	800	0.80	9	0	3
2	200	800	0.80	11	1	4
3	200	800	0.80	11	0	3
4	200	800	0.80	10	1	3
5	200	800	0.80	9	0	3
6	200	800	0.80	13	0	3
7	200	800	0.80	8	0	3
8	200	800	0.80	10	0	3
9	200	800	0.80	10	0	4
10	200	800	0.80	12	2	3
11	200	800	0.80	11	0	3
12	200	800	0.80	12	0	3
13	200	800	0.80	10	0	3
14	200	800	0.80	9	1	4
15	200	800	0.80	12	2	4
16	200	800	0.80	9	0	3
17	200	800	0.80	9	0	3
18	200	800	0.80	13	0	3
19	200	800	0.80	14	3	3
20	200	800	0.80	9	0	4
21	200	800	0.80	12	0	4
22	200	800	0.80	9	2	4
23	200	800	0.80	11	1	3
24	200	800	0.80	10	1	3
25	200	800	0.80	10	1	4
26	200	800	0.80	11	0	3
27	200	800	0.80	12	0	3
28	200	800	0.80	11	0	3
29	200	800	0.80	11	1	3
30	200	800	0.80	11	0	3
31	200	800	0.80	10	2	3
32	200	800	0.80	10	1	3
33	200	800	0.80	11	0	3
34	200	800	0.80	9	0	4
35	200	800	0.80	11	0	3
36	200	800	0.80	9	0	4
37	200	800	0.80	8	0	3
38	200	800	0.80	11	0	3
39	200	800	0.80	8	0	4
40	200	800	0.80	13	0	3
41	200	800	0.80	8	0	3
42	200	800	0.80	10	0	3
43	200	800	0.80	11	0	3
44	200	800	0.80	10	0	4
45	200	800	0.80	8	0	3
46	200	800	0.80	10	0	4
47	200	800	0.80	10	0	3
48	200	800	0.80	10	0	3
49	200	800	0.80	13	0	4
50	200	800	0.80	11	0	3
51	200	800	0.80	10	0	3
52	200	800	0.80	9	0	3
53	200	800	0.80	8	0	4
54	200	800	0.80	9	0	4
55	200	800	0.80	11	1	4
56	200	800	0.80	9	0	3
57	200	800	0.80	10	1	3
58	200	800	0.80	13	0	3
59	200	800	0.80	10	0	4
60	200	800	0.80	9	0	3
61	200	800	0.80	11	0	3
62	200	800	0.80	10	1	4
63	200	800	0.80	10	0	3
64	200	800	0.80	11	0	3
65	200	800	0.80	12	0	3
66	200	800	0.80	8	0	4
67	200	800	0.80	12	0	4
68	200	800	0.80	9	1	4
69	200	800	0.80	14	0	3
70	200	800	0.80	10	1	4
71	200	800	0.80	10	0	4
72	200	800	0.80	10	0	3
73	200	800	0.80	10	0	3
74	200	800	0.80	11	0	3
75	200	800	0.80	11	1	3
76	200	800	0.80	11	0	3
77	200	800	0.80	12	0	4
78	200	800	0.80	12	1	3
79	200	800	0.80	12	0	3
80	200	800	0.80	10	1	3
81	200	800	0.80	11	0	4
82	200	800	0.80	13	0	3
83	200	800	0.80	10	0	3
84	200	800	0.80	9	1	4
85	200	800	0.80	9	0	4
86	200	800	0.80	11	0	5
87	200	800	0.80	11	0	4
88	200	800	0.80	10	0	3
89	200	800	0.80	14	0	3
90	200	800	0.80	8	0	3
91	200	800	0.80	9	0	4
92	200	800	0.80	11	1	3
93	200	800	0.80	9	1	3
94	200	800	0.80	10	0	3
95	200	800	0.80	10	0	3
96	200	800	0.80	8	1	3
97	200	800	0.80	10	0	3
98	200	800	0.80	11	1	3
99	200	800	0.80	12	0	3
100	200	800	0.80	10	0	3
1	100	300	0.85	5	0	6
2	100	300	0.85	4	0	6
3	100	300	0.85	6	0	7
4	100	300	0.85	4	0	5
5	100	300	0.85	6	0	6
6	100	300	0.85	4	0	7
7	100	300	0.85	4	0	7
8	100	300	0.85	3	0	7
9	100	300	0.85	5	0	9
10	100	300	0.85	7	0	6
11	100	300	0.85	3	0	8
12	100	300	0.85	5	0	7
13	100	300	0.85	4	0	7
14	100	300	0.85	3	0	7
15	100	300	0.85	9	0	9
16	100	300	0.85	5	0	6
17	100	300	0.85	7	0	7
18	100	300	0.85	5	0	7
19	100	300	0.85	4	0	7
20	100	300	0.85	7	0	6
21	100	300	0.85	7	0	6
22	100	300	0.85	3	0	8
23	100	300	0.85	3	0	6
24	100	300	0.85	6	0	6
25	100	300	0.85	7	0	7
26	100	300	0.85	4	0	6
27	100	300	0.85	7	0	7
28	100	300	0.85	6	0	6
29	100	300	0.85	4	0	5
30	100	300	0.85	6	0	6
31	100	300	0.85	5	0	8
32	100	300	0.85	4	0	6
33	100	300	0.85	5	0	9
34	100	300	0.85	6	0	8
35	100	300	0.85	4	0	6
36	100	300	0.85	5	0	8
37	100	300	0.85	7	0	6
38	100	300	0.85	4	0	7
39	100	300	0.85	3	0	7
40	100	300	0.85	6	0	6
41	100	300	0.85	7	0	8
42	100	300	0.85	5	0	7
43	100	300	0.85	6	0	7
44	100	300	0.85	4	0	8
45	100	300	0.85	6	0	5
46	100	300	0.85	5	0	7
47	100	300	0.85	5	0	6
48	100	300	0.85	5	0	6
49	100	300	0.85	4	0	6
50	100	300	0.85	8	0	8
51	100	300	0.85	3	0	6
52	100	300	0.85	5	0	6
53	100	300	0.85	5	0	8
54	100	300	0.85	4	0	8
55	100	300	0.85	6	0	7
56	100	300	0.85	6	0	7
57	100	300	0.85	5	0	7
58	100	300	0.85	6	0	5
59	100	300	0.85	4	0	8
60	100	300	0.85	5	0	7
61	100	300	0.85	5	0	8
62	100	300	0.85	4	0	7
63	100	300	0.85	5	0	7
64	100	300	0.85	6	0	8
65	100	300	0.85	8	0	8
66	100	300	0.85	5	0	6
67	100	300	0.85	3	0	5
68	100	300	0.85	3	0	7
69	100	300	0.85	4	0	7
70	100	300	0.85	3	0	8
71	100	300	0.85	6	0	7
72	100	300	0.85	5	0	6
73	100	300	0.85	6	0	8
74	100	300	0.85	5	0	7
75	100	300	0.85	5	0	8
76	100	300	0.85	5	0	7
77	100	300	0.85	5	0	7
78	100	300	0.85	7	0	6
79	100	300	0.85	4	0	6
80	100	300	0.85	4	0	6
81	100	300	0.85	5	0	7
82	100	300	0.85	5	0	6
83	100	300	0.85	4	0	6
84	100	300	0.85	4	0	7
85	100	300	0.85	5	0	7
86	100	300	0.85	7	0	8
87	100	300	0.85	5	0	9
88	100	300	0.85	6	0	7
89	100	300	0.85	3	0	7
90	100	300	0.85	3	0	6
91	100	300	0.85	3	0	6
92	100	300	0.85	6	0	7
93	100	300	0.85	6	0	8
94	100	300	0.85	4	0	6
95	100	300	0.85	5	0	8
96	100	300	0.85	3	0	7
97	100	300	0.85	6	0	7
98	100	300	0.85	6	0	8
99	100	300	0.85	4	0	8
100	100	300	0.85	5	0	7
1	100	600	0.85	1	0	0
2	100	600	0.85	0	0	1
3	100	600	0.85	0	0	0
4	100	600	0.85	1	0	1
5	100	600	0.85	0	0	0
6	100	600	0.85	0	0	0
7	100	600	0.85	1	0	0
8	100	600	0.85	0	0	0
9	100	600	0.85	0	0	0
10	100	600	0.85	0	0	0
11	100	600	0.85	0	0	0
12	100	600	0.85	0	0	1
13	100	600	0.85	0	0	0
14	100	600	0.85	0	0	0
15	100	600	0.85	0	0	0
16	100	600	0.85	0	0	1
17	100	600	0.85	0	0	0
18	100	600	0.85	2	0	0
19	100	600	0.85	0	0	0
20	100	600	0.85	0	0	1
21	100	600	0.85	0	0	0
22	100	600	0.85	0	0	0
23	100	600	0.85	1	0	1
24	100	600	0.85	0	0	0
25	100	600	0.85	0	0	1
26	100	600	0.85	0	0	0
27	100	600	0.85	0	0	0
28	100	600	0.85	0	0	0
29	100	600	0.85	0	0	1
30	100	600	0.85	0	0	0
31	100	600	0.85	0	0	0
32	100	600	0.85	1	0	1
33	100	600	0.85	1	0	1
34	100	600	0.85	0	0	1
35	100	600	0.85	0	0	0
36	100	600	0.85	0	0	0
37	100	600	0.85	0	0	0
38	100	600	0.85	1	0	0
39	100	600	0.85	0	0	1
40	100	600	0.85	0	0	1
41	100	600	0.85	0	0	1
42	100	600	0.85	0	0	0
43	100	600	0.85	0	0	0
44	100	600	0.85	0	0	0
45	100	600	0.85	0	0	0
46	100	600	0.85	0	0	0
47	100	600	0.85	2	0	1
48	100	600	0.85	0	0	0
49	100	600	0.85	0	0	0
50	100	600	0.85	0	0	0
51	100	600	0.85	0	0	0
52	100	600	0.85	0	0	1
53	100	600	0.85	0	0	0
54	100	600	0.85	0	0	1
55	100	600	0.85	1	0	0
56	100	600	0.85	0	0	1
57	100	600	0.85	0	0	0
58	100	600	0.85	0	0	0
59	100	600	0.85	1	0	0
60	100	600	0.85	0	0	0
61	100	600	0.85	0	0	0
62	100	600	0.85	1	0	0
63	100	600	0.85	1	0	0
64	100	600	0.85	0	0	0
65	100	600	0.85	0	0	0
66	100	600	0.85	0	0	0
67	100	600	0.85	1	0	1
68	100	600	0.85	1	0	0
69	100	600	0.85	1	0	0
70	100	600	0.85	0	0	1
71	100	600	0.85	0	0	0
72	100	600	0.85	1	0	0
73	100	600	0.85	0	0	1
74	100	600	0.85	1	0	0
75	100	600	0.85	0	0	0
76	100	600	0.85	0	0	0
77	100	600	0.85	0	0	1
78	100	600	0.85	0	0	0
79	100	600	0.85	0	0	0
80	100	600	0.85	0	0	0
81	100	600	0.85	0	0	1
82	100	600	0.85	1	0	0
83	100	600	0.85	0	0	0
84	100	600	0.85	1	0	0
85	100	600	0.85	0	0	1
86	100	600	0.85	1	0	0
87	100	600	0.85	0	0	0
88	100	600	0.85	1	0	1
89	100	600	0.85	0	0	0
90	100	600	0.85	0	0	0
91	100	600	0.85	1	0	1
92	100	600	0.85	0	0	1
93	100	600	0.85	0	0	0
94	100	600	0.85	0	0	1
95	100	600	0.85	1	0	1
96	100	600	0.85	0	0	0
97	100	600	0.85	0	0	1
98	100	600	0.85	0	0	0
99	100	600	0.85	0	0	0
100	100	600	0.85	0	0	1
1	100	800	0.85	0		0
2	100	800	0.85	0	0	0
3	100	800	0.85	0	0	0
4	100	800	0.85	0	0	0
5	100	800	0.85	0	0	0
6	100	800	0.85	0	0	0
7	100	800	0.85	0	0	0
8	100	800	0.85	0	0	0
9	100	800	0.85	0	0	0
10	100	800	0.85	0	0	0
11	100	800	0.85	0	0	0
12	100	800	0.85	0	0	0
13	100	800	0.85	0	0	0
14	100	800	0.85	0	0	0
15	100	800	0.85	0	0	0
16	100	800	0.85	0	0	0
17	100	800	0.85	0	0	0
18	100	800	0.85	0	0	0
19	100	800	0.85	0	0	0
20	100	800	0.85	0	0	0
21	100	800	0.85	0	0	0
22	100	800	0.85	0	0	0
23	100	800	0.85	0	0	0
24	100	800	0.85	0	0	0
25	100	800	0.85	0	0	0
26	100	800	0.85	0	0	0
27	100	800	0.85	0	0	0
28	100	800	0.85	0	0	0
29	100	800	0.85	0	0	0
30	100	800	0.85	0	0	0
31	100	800	0.85	0	0	0
32	100	800	0.85	0	0	0
33	100	800	0.85	0	0	0
34	100	800	0.85	0	0	0
35	100	800	0.85	0	0	0
36	100	800	0.85	0	0	0
37	100	800	0.85	0	0	0
38	100	800	0.85	0	0	0
39	100	800	0.85	0	0	0
40	100	800	0.85	0	0	0
41	100	800	0.85	0	0	0
42	100	800	0.85	0	0	0
43	100	800	0.85	0	0	0
44	100	800	0.85	0	0	0
45	100	800	0.85	0	0	0
46	100	800	0.85	0	0	0
47	100	800	0.85	0	0	0
48	100	800	0.85	0	0	0
49	100	800	0.85	0	0	0
50	100	800	0.85	0	0	0
51	100	800	0.85	0	0	0
52	100	800	0.85	0	0	0
53	100	800	0.85	0	0	0
54	100	800	0.85	0	0	0
55	100	800	0.85	0	0	0
56	100	800	0.85	0	0	0
57	100	800	0.85	0	0	0
58	100	800	0.85	0	0	0
59	100	800	0.85	0	0	0
60	100	800	0.85	0	0	0
61	100	800	0.85	0	0	0
62	100	800	0.85	0	0	0
63	100	800	0.85	0	0	0
64	100	800	0.85	0	0	0
65	100	800	0.85	0	0	0
66	100	800	0.85	0	0	0
67	100	800	0.85	0	0	0
68	100	800	0.85	0	0	0
69	100	800	0.85	0	0	0
70	100	800	0.85	0	0	0
71	100	800	0.85	0	0	0
72	100	800	0.85	0	0	0
73	100	800	0.85	0	0	0
74	100	800	0.85	0	0	0
75	100	800	0.85	0	0	0
76	100	800	0.85	0	0	0
77	100	800	0.85	0	0	0
78	100	800	0.85	0	0	0
79	100	800	0.85	0	0	0
80	100	800	0.85	0	0	0
81	100	800	0.85	0	0	0
82	100	800	0.85	0	0	0
83	100	800	0.85	0	0	0
84	100	800	0.85	1	0	0
85	100	800	0.85	0	0	0
86	100	800	0.85	0	0	0
87	100	800	0.85	0	0	0
88	100	800	0.85	0	0	0
89	100	800	0.85	0	0	0
90	100	800	0.85	0	0	0
91	100	800	0.85	0	0	0
92	100	800	0.85	0	0	1
93	100	800	0.85	0	0	0
94	100	800	0.85	0	0	0
95	100	800	0.85	0	0	0
96	100	800	0.85	0	0	0
97	100	800	0.85	0	0	0
98	100	800	0.85	0	0	0
99	100	800	0.85	0	0	0
100	100	800	0.85	0	0	0
1	200	300	0.85	2	0	3
2	200	300	0.85	6	0	3
3	200	300	0.85	3	0	3
4	200	300	0.85	3	0	3
5	200	300	0.85	4	0	3
6	200	300	0.85	4	0	3
7	200	300	0.85	7	0	3
8	200	300	0.85	2	0	2
9	200	300	0.85	6	0	3
10	200	300	0.85	7	0	3
11	200	300	0.85	1	0	3
12	200	300	0.85	4	0	2
13	200	300	0.85	5	0	2
14	200	300	0.85	3	0	3
15	200	300	0.85	8	0	3
16	200	300	0.85	3	0	4
17	200	300	0.85	3	0	3
18	200	300	0.85	6	0	2
19	200	300	0.85	4	0	3
20	200	300	0.85	3	0	2
21	200	300	0.85	4	0	2
22	200	300	0.85	3	0	3
23	200	300	0.85	6	0	3
24	200	300	0.85	5	0	3
25	200	300	0.85	3	0	3
26	200	300	0.85	3	0	3
27	200	300	0.85	6	0	2
28	200	300	0.85	5	0	2
29	200	300	0.85	2	0	2
30	200	300	0.85	3	0	3
31	200	300	0.85	7	0	2
32	200	300	0.85	2	0	2
33	200	300	0.85	4	0	3
34	200	300	0.85	0	0	3
35	200	300	0.85	3	0	2
36	200	300	0.85	4	0	3
37	200	300	0.85	5	0	3
38	200	300	0.85	4	0	2
39	200	300	0.85	5	0	3
40	200	300	0.85	5	0	3
41	200	300	0.85	4	0	3
42	200	300	0.85	4	0	3
43	200	300	0.85	1	0	3
44	200	300	0.85	4	0	4
45	200	300	0.85	4	0	2
46	200	300	0.85	4	0	3
47	200	300	0.85	4	0	3
48	200	300	0.85	4	0	3
49	200	300	0.85	6	0	3
50	200	300	0.85	4	0	3
51	200	300	0.85	5	0	3
52	200	300	0.85	4	0	4
53	200	300	0.85	4	0	2
54	200	300	0.85	4	0	3
55	200	300	0.85	5	0	3
56	200	300	0.85	7	0	3
57	200	300	0.85	4	0	3
58	200	300	0.85	3	0	3
59	200	300	0.85	5	0	3
60	200	300	0.85	4	0	2
61	200	300	0.85	3	0	2
62	200	300	0.85	3	0	3
63	200	300	0.85	3	0	2
64	200	300	0.85	4	0	3
65	200	300	0.85	5	0	3
66	200	300	0.85	3	0	4
67	200	300	0.85	6	0	4
68	200	300	0.85	3	0	3
69	200	300	0.85	4	0	2
70	200	300	0.85	4	0	2
71	200	300	0.85	5	0	3
72	200	300	0.85	4	0	2
73	200	300	0.85	3	0	3
74	200	300	0.85	3	0	2
75	200	300	0.85	4	0	2
76	200	300	0.85	2	0	2
77	200	300	0.85	5	0	3
78	200	300	0.85	6	0	3
79	200	300	0.85	4	0	2
80	200	300	0.85	4	0	2
81	200	300	0.85	4	0	3
82	200	300	0.85	3	0	3
83	200	300	0.85	4	0	4
84	200	300	0.85	4	0	2
85	200	300	0.85	3	0	3
86	200	300	0.85	2	0	3
87	200	300	0.85	2	0	3
88	200	300	0.85	5	0	2
89	200	300	0.85	2	0	2
90	200	300	0.85	3	0	3
91	200	300	0.85	4	0	3
92	200	300	0.85	5	0	3
93	200	300	0.85	3	0	3
94	200	300	0.85	2	0	2
95	200	300	0.85	5	0	3
96	200	300	0.85	2	0	2
97	200	300	0.85	3	0	2
98	200	300	0.85	6	0	2
99	200	300	0.85	4	0	2
100	200	300	0.85	4	0	3
1	200	600	0.85	0	0	0
2	200	600	0.85	0	0	0
3	200	600	0.85	0	0	0
4	200	600	0.85	0	0	0
5	200	600	0.85	0	0	0
6	200	600	0.85	0	0	0
7	200	600	0.85	0	0	0
8	200	600	0.85	0	0	0
9	200	600	0.85	0	0	0
10	200	600	0.85	0	0	0
11	200	600	0.85	0	0	0
12	200	600	0.85	0	0	0
13	200	600	0.85	0	0	0
14	200	600	0.85	0	0	0
15	200	600	0.85	0	0	0
16	200	600	0.85	1	0	0
17	200	600	0.85	0	0	0
18	200	600	0.85	0	0	0
19	200	600	0.85	0	0	0
20	200	600	0.85	0	0	0
21	200	600	0.85	0	0	0
22	200	600	0.85	0	0	0
23	200	600	0.85	0	0	0
24	200	600	0.85	0	0	0
25	200	600	0.85	0	0	0
26	200	600	0.85	0	0	0
27	200	600	0.85	0	0	0
28	200	600	0.85	0	0	0
29	200	600	0.85	0	0	0
30	200	600	0.85	0	0	0
31	200	600	0.85	0	0	0
32	200	600	0.85	0	0	0
33	200	600	0.85	1	0	0
34	200	600	0.85	0	0	0
35	200	600	0.85	0	0	0
36	200	600	0.85	0	0	0
37	200	600	0.85	0	0	0
38	200	600	0.85	0	0	0
39	200	600	0.85	0	0	0
40	200	600	0.85	0	0	0
41	200	600	0.85	0	0	0
42	200	600	0.85	0	0	0
43	200	600	0.85	0	0	0
44	200	600	0.85	0	0	0
45	200	600	0.85	0	0	0
46	200	600	0.85	0	0	0
47	200	600	0.85	0	0	0
48	200	600	0.85	0	0	0
49	200	600	0.85	0	0	0
50	200	600	0.85	0	0	0
51	200	600	0.85	0	0	0
52	200	600	0.85	0	0	0
53	200	600	0.85	0	0	0
54	200	600	0.85	0	0	0
55	200	600	0.85	0	0	0
56	200	600	0.85	0	0	0
57	200	600	0.85	0	0	0
58	200	600	0.85	0	0	0
59	200	600	0.85	0	0	0
60	200	600	0.85	0	0	0
61	200	600	0.85	0	0	0
62	200	600	0.85	0	0	0
63	200	600	0.85	0	0	0
64	200	600	0.85	0	0	0
65	200	600	0.85	0	0	0
66	200	600	0.85	0	0	0
67	200	600	0.85	0	0	0
68	200	600	0.85	0	0	0
69	200	600	0.85	0	0	0
70	200	600	0.85	0	0	0
71	200	600	0.85	0	0	0
72	200	600	0.85	0	0	0
73	200	600	0.85	0	0	0
74	200	600	0.85	0	0	0
75	200	600	0.85	0	0	0
76	200	600	0.85	0	0	0
77	200	600	0.85	0	0	0
78	200	600	0.85	0	0	0
79	200	600	0.85	0	0	0
80	200	600	0.85	0	0	0
81	200	600	0.85	0	0	0
82	200	600	0.85	0	0	0
83	200	600	0.85	0	0	0
84	200	600	0.85	0	0	0
85	200	600	0.85	0	0	0
86	200	600	0.85	0	0	0
87	200	600	0.85	0	0	0
88	200	600	0.85	0	0	0
89	200	600	0.85	0	0	0
90	200	600	0.85	0	0	0
91	200	600	0.85	0	0	0
92	200	600	0.85	0	0	0
93	200	600	0.85	0	0	0
94	200	600	0.85	0	0	0
95	200	600	0.85	0	0	0
96	200	600	0.85	0	0	0
97	200	600	0.85	0	0	0
98	200	600	0.85	0	0	0
99	200	600	0.85	0	0	0
100	200	600	0.85	0	0	0
1	200	800	0.85	0	0	0
2	200	800	0.85	0	0	0
3	200	800	0.85	0	0	0
4	200	800	0.85	0	0	0
5	200	800	0.85	0	0	0
6	200	800	0.85	0	0	0
7	200	800	0.85	0	0	0
8	200	800	0.85	0	0	0
9	200	800	0.85	0	0	0
10	200	800	0.85	0	0	0
11	200	800	0.85	0	0	0
12	200	800	0.85	0	0	0
13	200	800	0.85	0	0	0
14	200	800	0.85	0	0	0
15	200	800	0.85	0	0	0
16	200	800	0.85	0	0	0
17	200	800	0.85	0	0	0
18	200	800	0.85	0	0	0
19	200	800	0.85	0	0	0
20	200	800	0.85	0	0	0
21	200	800	0.85	0	0	0
22	200	800	0.85	0	0	0
23	200	800	0.85	0	0	0
24	200	800	0.85	0	0	0
25	200	800	0.85	0	0	0
26	200	800	0.85	0	0	0
27	200	800	0.85	0	0	0
28	200	800	0.85	0	0	0
29	200	800	0.85	0	0	0
30	200	800	0.85	0	0	0
31	200	800	0.85	0	0	0
32	200	800	0.85	0	0	0
33	200	800	0.85	0	0	0
34	200	800	0.85	0	0	0
35	200	800	0.85	0	0	0
36	200	800	0.85	0	0	0
37	200	800	0.85	0	0	0
38	200	800	0.85	0	0	0
39	200	800	0.85	0	0	0
40	200	800	0.85	0	0	0
41	200	800	0.85	0	0	0
42	200	800	0.85	0	0	0
43	200	800	0.85	0	0	0
44	200	800	0.85	0	0	0
45	200	800	0.85	0	0	0
46	200	800	0.85	0	0	0
47	200	800	0.85	0	0	0
48	200	800	0.85	0	0	0
49	200	800	0.85	0	0	0
50	200	800	0.85	0	0	0
51	200	800	0.85	0	0	0
52	200	800	0.85	0	0	0
53	200	800	0.85	0	0	0
54	200	800	0.85	0	0	0
55	200	800	0.85	0	0	0
56	200	800	0.85	0	0	0
57	200	800	0.85	0	0	0
58	200	800	0.85	0	0	0
59	200	800	0.85	0	0	0
60	200	800	0.85	0	0	0
61	200	800	0.85	0	0	0
62	200	800	0.85	0	0	0
63	200	800	0.85	0	0	0
64	200	800	0.85	0	0	0
65	200	800	0.85	0	0	0
66	200	800	0.85	0	0	0
67	200	800	0.85	0	0	0
68	200	800	0.85	0	0	0
69	200	800	0.85	0	0	0
70	200	800	0.85	0	0	0
71	200	800	0.85	0	0	0
72	200	800	0.85	0	0	0
73	200	800	0.85	0	0	0
74	200	800	0.85	0	0	0
75	200	800	0.85	0	0	0
76	200	800	0.85	0	0	0
77	200	800	0.85	0	0	0
78	200	800	0.85	0	0	0
79	200	800	0.85	0	0	0
80	200	800	0.85	0	0	0
81	200	800	0.85	0	0	0
82	200	800	0.85	0	0	0
83	200	800	0.85	0	0	0
84	200	800	0.85	0	0	0
85	200	800	0.85	0	0	0
86	200	800	0.85	0	0	0
87	200	800	0.85	0	0	0
88	200	800	0.85	0	0	0
89	200	800	0.85	0	0	0
90	200	800	0.85	0	0	0
91	200	800	0.85	0	0	0
92	200	800	0.85	0	0	0
93	200	800	0.85	0	0	0
94	200	800	0.85	0	0	0
95	200	800	0.85	0	0	0
96	200	800	0.85	0	0	0
97	200	800	0.85	0	0	0
98	200	800	0.85	0	0	0
99	200	800	0.85	0	0	0
100	200	800	0.85	0	0	0
